large_map.txt

Terrain Square Dimension : 50
Prepare Terrain
Size of terrain = 50
Mark Shortest Path

 Grid: 
SO  0   0   0   BL  0   0   0   0   0   0   BL  BL  0   BL  0   BL  0   0   BL  BL  BL  0   BL  0   0   BL  0   0   BL  0   0   0   0   0   0   0   0   0   BL  0   0   0   0   0   0   0   BL  0   0   
0   0   0   BL  0   0   BL  0   0   0   BL  BL  0   0   BL  0   0   0   0   0   BL  BL  0   0   0   0   0   0   0   BL  0   0   0   0   0   0   0   0   0   0   0   0   0   0   0   0   0   BL  0   0   
0   0   0   0   0   BL  0   0   0   0   0   0   0   0   0   0   0   BL  BL  BL  0   BL  0   0   BL  0   0   BL  0   BL  0   0   0   BL  0   0   BL  0   0   0   BL  0   0   0   0   0   0   0   0   0   
0   BL  BL  0   BL  0   0   BL  0   BL  0   BL  0   0   0   0   0   0   0   BL  0   0   0   0   0   BL  BL  0   0   0   BL  0   0   0   0   0   0   0   0   0   0   0   BL  BL  0   0   0   0   BL  0   
0   0   0   BL  0   0   0   BL  0   0   0   0   0   0   0   BL  0   BL  BL  0   0   0   0   0   BL  0   BL  BL  0   0   0   0   0   0   0   0   0   0   0   0   BL  0   BL  BL  0   BL  0   BL  0   0   
0   0   0   0   BL  0   0   0   BL  0   0   0   0   BL  0   0   0   BL  0   0   BL  BL  0   0   0   0   BL  0   BL  0   0   0   BL  0   0   0   0   0   0   0   BL  0   BL  BL  BL  0   0   0   0   0   
0   BL  BL  0   0   0   0   BL  BL  BL  0   0   0   0   0   BL  BL  BL  0   0   0   0   0   0   0   0   0   0   0   0   0   BL  BL  0   0   0   0   0   0   0   0   BL  0   0   0   0   0   0   BL  0   
0   BL  0   0   BL  BL  0   0   0   0   0   0   BL  0   0   BL  0   0   0   0   0   0   0   BL  BL  BL  0   0   BL  0   0   BL  BL  0   0   0   BL  0   0   0   0   0   BL  0   BL  0   BL  0   0   0   
0   0   0   0   BL  BL  0   BL  0   0   0   BL  0   0   BL  0   BL  BL  0   0   BL  0   BL  0   0   BL  0   0   BL  0   0   0   0   0   0   0   BL  0   0   BL  0   BL  BL  0   BL  0   0   0   BL  0   
0   0   0   0   0   0   0   0   0   0   0   0   0   0   0   0   0   0   0   0   0   BL  0   BL  0   0   BL  0   BL  BL  0   BL  0   0   0   0   BL  BL  BL  BL  0   0   0   0   0   0   BL  BL  0   BL  
0   0   0   0   0   0   0   0   0   0   BL  0   0   BL  0   0   0   0   0   BL  0   BL  0   0   BL  0   0   0   0   0   0   BL  BL  BL  0   0   0   0   0   BL  0   0   BL  0   BL  0   0   0   0   0   
0   0   0   0   BL  BL  BL  0   BL  0   BL  0   0   0   0   0   0   0   0   BL  0   0   0   0   0   0   0   BL  0   0   0   0   0   BL  0   0   0   0   0   0   0   BL  0   0   BL  0   BL  0   BL  0   
0   0   BL  0   0   0   BL  0   0   0   BL  0   0   0   0   0   0   0   BL  0   0   0   BL  0   0   0   0   0   0   BL  BL  0   0   0   BL  BL  BL  0   BL  0   0   0   BL  BL  0   0   0   0   0   0   
BL  0   0   0   0   0   0   0   0   BL  0   0   0   0   0   BL  0   0   0   0   BL  BL  0   0   0   0   0   BL  0   0   BL  0   0   0   0   0   0   0   0   BL  0   0   0   0   0   0   0   0   BL  0   
0   BL  0   BL  0   0   0   0   0   0   0   0   BL  0   0   BL  0   0   0   BL  BL  BL  0   0   0   BL  BL  BL  BL  0   BL  0   0   0   0   BL  0   0   BL  BL  BL  BL  BL  0   0   BL  0   BL  0   0   
0   0   0   0   0   0   0   0   0   0   0   0   BL  0   0   0   0   0   BL  0   BL  BL  BL  0   0   0   BL  BL  BL  0   BL  BL  0   0   BL  0   0   0   0   0   0   BL  0   0   0   BL  0   BL  0   0   
0   0   0   0   0   0   0   0   0   BL  BL  BL  BL  0   BL  0   0   0   BL  BL  0   0   0   BL  0   0   0   0   0   0   0   0   0   0   BL  0   0   0   0   0   0   0   BL  0   0   0   0   BL  0   0   
0   0   BL  BL  BL  BL  0   0   0   0   0   0   0   0   0   0   0   BL  BL  0   0   0   0   0   0   BL  0   0   BL  0   0   0   0   0   BL  BL  BL  0   0   0   BL  0   0   0   BL  0   0   0   BL  BL  
0   BL  BL  0   0   0   0   BL  0   0   0   0   0   0   0   0   0   0   0   BL  0   0   0   0   BL  0   0   0   0   0   0   BL  0   0   0   0   0   0   0   0   0   0   0   0   0   0   0   0   0   0   
BL  0   0   0   0   BL  0   0   BL  0   BL  0   0   0   0   BL  BL  BL  0   0   0   0   0   BL  0   0   0   BL  0   0   BL  0   0   0   0   0   0   BL  0   BL  0   0   BL  0   BL  BL  0   0   0   BL  
BL  BL  BL  0   BL  0   0   0   0   0   0   0   BL  0   0   0   BL  BL  0   0   0   BL  0   0   0   BL  BL  0   0   0   0   0   0   0   BL  0   0   0   0   0   0   0   BL  0   0   0   0   0   BL  BL  
0   0   BL  0   0   0   0   0   0   BL  0   0   0   0   0   BL  0   BL  0   0   0   0   BL  0   BL  0   0   0   0   0   0   0   0   0   0   0   BL  0   0   0   0   0   0   0   0   BL  0   BL  0   0   
0   0   0   0   0   0   0   BL  0   BL  0   0   0   BL  0   0   0   BL  0   BL  BL  0   0   0   BL  0   BL  0   0   BL  BL  0   BL  0   0   0   BL  BL  0   0   0   0   BL  0   0   BL  0   0   0   0   
0   0   0   0   0   0   BL  0   0   0   0   0   0   BL  BL  BL  0   0   BL  0   BL  0   0   0   0   0   BL  0   0   0   0   0   0   0   0   0   BL  0   0   0   0   0   0   0   0   0   BL  0   0   0   
BL  0   0   0   BL  0   0   0   0   0   0   0   0   0   0   0   0   0   0   0   0   0   0   BL  BL  0   0   0   0   0   BL  0   0   BL  0   0   0   0   0   0   0   0   0   0   0   0   0   0   0   BL  
0   0   0   BL  0   0   0   0   0   0   0   BL  BL  0   0   0   0   0   0   BL  0   0   0   BL  0   0   BL  0   0   BL  0   0   0   BL  0   0   0   0   0   0   BL  0   0   BL  0   0   0   0   0   BL  
0   BL  0   BL  0   0   BL  0   0   0   0   BL  BL  BL  0   0   0   0   BL  0   0   0   0   0   BL  0   0   0   0   0   0   BL  0   0   0   0   0   BL  BL  0   BL  0   0   BL  0   BL  0   BL  BL  0   
0   0   0   0   BL  0   0   BL  0   0   0   0   BL  0   BL  0   BL  0   0   BL  BL  0   0   0   0   0   0   0   BL  0   0   BL  0   BL  BL  BL  BL  0   0   0   0   BL  BL  0   0   0   0   0   0   0   
BL  0   0   0   BL  0   0   0   0   BL  0   0   BL  0   0   0   0   BL  0   BL  BL  0   0   0   0   0   0   0   0   0   0   0   0   BL  0   0   BL  0   0   0   0   BL  0   0   0   BL  0   0   0   0   
0   0   0   BL  0   0   0   0   0   0   0   BL  0   0   0   0   0   BL  BL  BL  0   0   0   0   0   BL  0   0   0   0   0   0   0   0   0   0   0   0   0   BL  0   0   0   BL  0   0   0   0   0   0   
0   BL  0   0   0   0   0   0   0   BL  0   0   BL  0   0   0   0   BL  0   0   BL  0   0   0   BL  BL  0   0   0   0   0   BL  0   0   BL  BL  0   0   0   0   0   BL  0   0   0   0   0   0   0   0   
0   0   0   0   BL  0   0   0   0   0   0   0   0   0   BL  0   0   0   0   BL  0   0   0   0   BL  0   0   0   0   0   0   BL  0   0   0   0   0   0   BL  BL  0   0   0   0   0   0   BL  0   0   BL  
0   BL  BL  0   BL  BL  0   0   BL  0   0   BL  BL  0   0   0   0   0   0   0   0   0   0   0   0   0   0   0   BL  BL  0   0   0   0   BL  0   0   0   0   0   0   0   0   0   0   0   0   0   0   0   
0   0   0   0   0   0   0   0   0   0   0   BL  BL  0   0   0   0   0   0   0   0   0   BL  0   0   BL  0   0   0   0   0   0   BL  0   0   0   0   0   0   BL  0   0   BL  0   BL  0   0   0   BL  BL  
BL  0   0   0   0   0   0   0   0   0   0   0   0   0   BL  BL  0   0   BL  0   0   BL  0   BL  0   BL  BL  0   BL  0   0   0   BL  0   BL  0   0   BL  0   0   0   0   0   0   0   0   0   0   0   0   
0   0   0   BL  0   0   BL  BL  0   0   BL  BL  0   BL  0   0   0   0   BL  0   0   0   0   BL  0   0   0   0   0   0   0   0   BL  0   0   0   0   BL  0   0   BL  0   0   0   BL  BL  0   0   0   0   
0   BL  0   0   0   0   BL  0   BL  0   0   0   0   BL  0   0   BL  0   BL  0   0   0   0   BL  BL  0   0   0   0   0   0   0   0   0   0   BL  0   BL  BL  0   0   BL  BL  BL  0   0   BL  BL  0   BL  
BL  0   0   0   0   0   0   0   0   BL  0   0   BL  BL  0   BL  0   0   BL  0   0   BL  0   BL  0   0   0   0   0   BL  0   0   0   0   BL  0   0   BL  0   0   0   0   0   BL  0   0   0   BL  0   0   
0   0   0   0   0   0   0   0   0   0   0   0   0   0   0   0   0   0   0   0   0   BL  0   0   BL  0   0   0   0   0   0   BL  0   0   0   0   0   0   0   0   0   0   0   0   0   0   0   0   0   BL  
0   0   0   BL  0   0   0   0   BL  0   BL  0   0   BL  0   BL  BL  0   0   0   0   0   0   BL  0   0   0   BL  0   0   BL  0   0   BL  0   0   0   0   0   BL  0   BL  BL  0   BL  0   0   BL  BL  0   
BL  BL  0   0   BL  0   0   0   0   0   BL  0   0   BL  BL  0   0   0   BL  0   0   0   0   BL  0   0   0   0   0   0   0   0   BL  0   0   BL  0   BL  0   BL  0   0   0   0   0   BL  0   0   BL  0   
0   BL  0   0   0   BL  BL  0   0   0   0   0   BL  0   0   0   BL  0   0   0   0   0   0   0   0   0   BL  BL  0   BL  BL  BL  0   0   0   0   0   0   BL  BL  0   0   0   0   0   0   0   0   0   0   
0   0   0   BL  0   0   0   BL  0   0   0   0   0   0   0   BL  BL  0   0   0   0   BL  0   0   BL  BL  BL  0   0   0   0   BL  0   0   0   0   0   BL  BL  0   0   0   0   0   0   BL  BL  0   0   0   
0   0   0   0   0   0   0   0   0   0   BL  0   0   BL  0   0   0   0   0   0   BL  BL  BL  0   0   0   0   0   BL  BL  BL  0   0   0   0   0   BL  0   0   0   BL  0   BL  BL  0   0   0   0   0   0   
0   0   0   0   0   BL  0   0   0   BL  0   0   0   0   0   BL  BL  0   BL  0   0   0   0   0   BL  BL  0   0   0   0   0   BL  0   0   0   0   BL  0   0   0   0   0   BL  0   0   BL  0   0   0   0   
BL  0   0   0   0   0   0   0   0   0   0   0   0   0   0   BL  0   BL  0   0   0   0   0   0   0   0   0   0   0   0   BL  0   0   0   0   0   BL  BL  0   0   0   0   0   0   BL  0   0   0   BL  BL  
0   0   BL  0   0   BL  0   0   0   0   0   0   0   0   BL  0   0   0   0   0   BL  0   0   0   0   0   0   0   0   0   0   0   0   0   0   0   0   BL  0   BL  0   0   0   0   BL  0   0   BL  0   BL  
0   0   0   0   BL  0   0   BL  0   0   BL  BL  BL  BL  0   0   0   BL  0   0   BL  0   0   0   BL  BL  0   0   0   0   0   0   0   0   BL  0   0   0   BL  0   BL  0   0   0   0   0   0   0   BL  0   
0   BL  BL  BL  BL  BL  0   0   0   BL  BL  0   0   0   BL  0   0   0   0   0   BL  0   BL  0   0   BL  0   BL  0   0   0   0   0   BL  0   0   0   0   0   0   BL  0   BL  0   0   0   0   0   0   0   
BL  0   0   0   0   BL  0   0   0   0   0   0   BL  0   0   0   0   0   0   0   BL  0   BL  0   0   0   BL  0   BL  0   0   0   0   0   0   0   0   0   0   0   BL  0   0   0   BL  BL  0   BL  0   DE  


Scores for cells: 
0   100 194 292 BL  478 567 660 748 836 924 BL  BL  1167 BL  1404 BL  1475 1554 BL  BL  BL  1967 BL  1963 2036 BL  2149 2220 BL  2463 2462 2460 2526 2544 2607 2662 2717 0   BL  0   0   0   0   0   0   0   BL  0   0   
99  97  194 BL  383 473 BL  656 744 834 BL  BL  1081 1166 BL  1318 1393 1473 1554 1633 BL  BL  1890 1888 1960 2034 2077 2148 2220 BL  2393 2393 2458 2477 2542 2597 2654 2715 0   0   0   0   0   0   0   0   0   BL  0   0   
196 195 193 288 380 BL  563 652 743 830 919 995 1080 1162 1234 1311 1391 BL  BL  BL  1710 BL  1812 1884 BL  2004 2077 BL  2219 BL  2324 2390 2412 BL  2532 2592 BL  2704 2703 0   BL  0   0   0   0   0   0   0   0   0   
292 BL  BL  286 BL  472 561 BL  741 BL  909 BL  1076 1150 1228 1310 1391 1451 1529 BL  1682 1736 1810 1882 1930 BL  BL  2148 2218 2255 BL  2345 2408 2467 2529 2589 2645 2643 2696 0   0   0   BL  BL  0   0   0   0   BL  0   
388 386 381 BL  379 471 559 BL  735 821 908 990 1065 1145 1227 BL  1371 BL  BL  1606 1660 1734 1807 1857 BL  1986 BL  BL  2187 2253 2280 2342 2404 2466 2526 2584 2583 2636 2689 0   BL  0   BL  BL  0   BL  0   BL  0   0   
482 474 475 472 BL  470 558 646 BL  821 906 980 1061 BL  1215 1290 1369 BL  1585 1583 BL  BL  1783 1849 1914 1982 BL  2118 BL  2214 2276 2339 BL  2465 2524 2523 2578 2631 2687 0   BL  0   BL  BL  BL  0   0   0   0   0   
568 BL  BL  562 560 558 559 BL  BL  BL  897 978 1052 1134 1209 BL  BL  BL  1507 1583 1635 1709 1778 1842 1913 1982 2051 2116 2147 2211 2275 BL  BL  2463 2462 2518 2572 2630 2685 0   0   BL  0   0   0   0   0   0   BL  0   
660 BL  652 650 BL  BL  646 645 729 812 895 971 BL  1129 1204 BL  1355 1431 1507 1562 1635 1706 1771 BL  BL  BL  2050 2080 BL  2210 2274 BL  BL  2402 2459 2513 BL  2629 2685 0   0   0   BL  0   BL  0   BL  0   0   0   
751 744 741 740 BL  BL  731 BL  728 812 890 BL  1048 1124 BL  1278 BL  BL  1489 1561 BL  1699 BL  1838 1905 BL  2015 2080 BL  2272 2271 2281 2341 2399 2456 2512 BL  2683 2683 BL  0   BL  BL  0   BL  0   0   0   BL  0   
836 832 830 828 828 818 816 812 810 809 889 969 1045 1124 1202 1271 1347 1416 1489 1557 1628 BL  1768 BL  1882 1949 BL  2067 BL  BL  2219 BL  2340 2398 2455 2510 BL  BL  BL  BL  2731 2730 0   0   0   0   BL  BL  0   BL  
921 918 916 916 905 902 897 894 890 891 BL  967 1046 BL  1195 1271 1341 1415 1486 BL  1627 BL  1752 1814 BL  1943 2003 2064 2126 2159 2216 BL  BL  BL  2454 2492 2543 2597 2632 BL  2680 2714 BL  0   BL  0   0   0   0   0   
1007 1004 1002 992 BL  BL  BL  973 BL  970 BL  1045 1044 1120 1195 1268 1341 1413 1482 BL  1614 1683 1747 1813 1878 1939 2000 BL  2097 2157 2215 2272 2327 BL  2436 2490 2543 2580 2579 2630 2665 BL  0   0   BL  0   BL  0   BL  0   
1093 1089 BL  1076 1076 1158 BL  1054 1051 1048 BL  1120 1121 1120 1195 1268 1341 1410 BL  1546 1614 1681 BL  1812 1874 1936 1978 2037 2096 BL  BL  2271 2326 2382 BL  BL  BL  2527 BL  2615 2664 2707 BL  BL  0   0   0   0   0   0   
BL  1175 1162 1159 1160 1157 1134 1131 1127 BL  1125 1196 1196 1194 1194 BL  1339 1409 1478 1546 BL  BL  1746 1811 1873 1915 1976 BL  2095 2152 BL  2328 2327 2380 2383 2424 2476 2519 2566 BL  2661 2708 0   0   0   0   0   0   BL  0   
1261 BL  1244 BL  1240 1215 1211 1207 1206 1202 1202 1201 BL  1268 1266 BL  1406 1409 1477 BL  BL  BL  1810 1810 1854 BL  BL  BL  BL  2152 BL  2332 2331 2330 2372 BL  2470 2517 BL  BL  BL  BL  BL  0   0   BL  0   BL  0   0   
1347 1327 1327 1321 1297 1291 1287 1284 1279 1279 1277 1276 BL  1338 1337 1335 1404 1470 BL  1544 BL  BL  BL  1792 1852 1906 BL  BL  BL  2125 BL  BL  2276 2320 BL  2421 2469 2517 2563 2572 2609 BL  2688 0   0   BL  0   BL  0   0   
1410 1410 1403 1378 1372 1365 1361 1356 1356 BL  BL  BL  BL  1409 BL  1403 1403 1471 BL  BL  1607 1670 1729 BL  1847 1902 1961 2015 2069 2123 2171 2222 2268 2318 BL  2471 2468 2515 2527 2563 2603 2645 BL  2713 0   0   0   BL  0   0   
1494 1486 BL  BL  BL  BL  1432 1432 1431 1429 1502 1552 1481 1480 1472 1470 1471 BL  BL  1663 1669 1668 1728 1786 1844 BL  1957 2013 BL  2117 2169 2216 2266 2305 BL  BL  BL  2482 2519 2560 BL  2642 2673 2697 BL  0   0   0   BL  BL  
1569 BL  BL  1665 1588 1509 1507 BL  1502 1502 1502 1553 1551 1541 1539 1536 1536 1535 1598 BL  1721 1728 1727 1785 BL  1900 1956 2010 2063 2115 2163 BL  2254 2303 2348 2389 2435 2474 2517 2558 2599 2631 2656 2695 0   0   0   0   0   0   
BL  1650 1729 1664 1586 BL  1583 1575 BL  1573 BL  1573 1611 1608 1603 BL  BL  BL  1597 1659 1717 1775 1787 BL  1843 1900 1954 BL  2061 2110 BL  2205 2253 2299 2343 2388 2430 BL  2514 BL  2589 2616 BL  2695 BL  BL  0   0   0   BL  
BL  BL  BL  1664 BL  1657 1650 1648 1644 1645 1643 1641 BL  1670 1668 1668 BL  BL  1660 1657 1716 BL  1832 1845 1900 BL  BL  2007 2059 2107 2156 2204 2251 2297 BL  2386 2426 2470 2508 2548 2576 2605 BL  2672 2704 0   0   0   BL  BL  
1970 1893 BL  1739 1731 1723 1722 1715 1715 BL  1709 1710 1709 1734 1733 BL  1732 BL  1718 1716 1715 1774 BL  1884 BL  1954 2006 2057 2057 2106 2156 2203 2251 2298 2340 2381 BL  2467 2508 2535 2567 2605 2634 2669 2698 BL  0   BL  0   0   
1969 1890 1814 1807 1796 1794 1786 BL  1784 BL  1776 1776 1774 BL  1797 1795 1794 BL  1776 BL  BL  1772 1827 1881 BL  1987 BL  2058 2108 BL  BL  2204 BL  2295 2337 2379 BL  BL  2496 2527 2566 2597 BL  2664 2693 BL  0   0   0   0   
1967 1891 1881 1870 1867 1859 BL  1854 1853 1844 1843 1840 1838 BL  BL  BL  1854 1835 BL  1835 BL  1827 1827 1880 1934 1986 BL  2084 2106 2155 2201 2247 2250 2293 2335 2376 BL  2455 2488 2527 2559 2596 2629 2660 2677 2706 BL  0   0   0   
BL  1955 1943 1939 BL  1930 1925 1921 1911 1909 1905 1903 1903 1900 1962 1916 1896 1894 1892 1891 1882 1883 1880 BL  BL  1984 2033 2083 2128 2153 BL  2243 2287 BL  2334 2375 2414 2450 2488 2523 2559 2594 2627 2643 2675 2705 0   0   0   BL  
2031 2016 2011 BL  2001 1995 1990 1980 1975 1971 1969 BL  BL  1961 1961 1956 1953 1950 1947 BL  1937 1935 1932 BL  2033 2035 BL  2081 2127 BL  2199 2243 2287 BL  2367 2373 2412 2449 2486 2522 BL  2592 2611 BL  2674 2694 0   0   0   BL  
2089 BL  2084 BL  2065 2059 BL  2043 2038 2033 2032 BL  BL  BL  2017 2011 2007 2004 BL  1992 1988 1986 1984 1983 BL  2079 2082 2129 2128 2172 2214 BL  2284 2325 2364 2402 2411 BL  BL  2516 BL  2579 2612 BL  2665 BL  0   BL  BL  0   
2161 2156 2155 2135 BL  2126 2109 BL  2098 2096 2096 2093 BL  2076 BL  2064 BL  2060 2046 BL  BL  2036 2034 2032 2031 2080 2123 2129 BL  2171 2213 BL  2293 BL  BL  BL  BL  2447 2481 2515 2547 BL  BL  2636 2660 2687 0   0   0   0   
BL  2225 2205 2203 BL  2177 2175 2164 2160 BL  2156 2153 BL  2135 2121 2120 2116 BL  2101 BL  BL  2084 2082 2079 2079 2077 2122 2166 2172 2214 2212 2252 2293 BL  2365 2402 BL  2471 2482 2514 2545 BL  2605 2632 2661 BL  2693 0   0   0   
2295 2275 2273 BL  2245 2242 2229 2223 2224 2218 2213 BL  2194 2178 2176 2171 2171 BL  BL  BL  2135 2131 2128 2127 2123 BL  2121 2164 2206 2214 2252 2252 2292 2328 2366 2401 2435 2463 2494 BL  2545 2574 2604 BL  2645 2666 2685 2702 0   0   
2344 BL  2340 2311 2308 2293 2286 2285 2279 BL  2272 2252 BL  2232 2227 2226 2225 BL  2236 2185 BL  2178 2174 2169 BL  BL  2166 2164 2207 2246 2255 BL  2291 2329 BL  BL  2428 2461 2490 2520 2550 BL  2596 2617 2640 2660 2677 2701 0   0   
2414 2407 2378 2373 BL  2349 2349 2340 2340 2332 2312 2310 2290 2282 BL  2280 2279 2277 2235 BL  2226 2221 2216 2216 BL  2210 2208 2206 2205 2245 2283 BL  2328 2327 2361 2394 2428 2457 BL  BL  2543 2568 2590 2613 2635 2653 BL  2688 0   BL  
2476 BL  BL  2439 BL  BL  2402 2400 BL  2372 2369 BL  BL  2338 2334 2332 2328 2287 2284 2276 2270 2264 2262 2262 2253 2251 2249 2247 BL  BL  2282 2320 2352 2362 BL  2395 2426 2457 2487 2514 2541 2564 2586 2610 2628 2651 2666 2683 0   0   
2544 2541 2505 2503 2501 2464 2462 2459 2430 2427 2425 BL  BL  2387 2386 2381 2338 2334 2325 2319 2310 2308 BL  2296 2293 BL  2287 2287 2286 2321 2319 2317 BL  2387 2394 2425 2425 2456 2486 BL  2537 2560 BL  2605 BL  2644 2663 2682 BL  BL  
BL  2571 2568 2563 2527 2522 2518 2489 2486 2483 2480 2480 2441 2438 BL  BL  2385 2374 BL  2357 2355 BL  2340 BL  2336 BL  BL  2324 BL  2323 2352 2353 BL  2419 BL  2425 2456 BL  2484 2510 2535 2559 2580 2603 2621 2643 2664 2671 2688 0   
2637 2633 2625 BL  2583 2579 BL  BL  2540 2535 BL  BL  2491 BL  2486 2436 2422 2421 BL  2401 2399 2385 2382 BL  2377 2376 2362 2363 2360 2360 2357 2387 BL  2450 2450 2455 2453 BL  2511 2509 BL  2557 2579 2600 BL  BL  2652 2669 2686 0   
2696 BL  2686 2643 2640 2637 BL  2596 BL  2589 2590 2544 2542 BL  2487 2471 BL  2467 BL  2443 2429 2426 2424 BL  BL  2401 2399 2398 2395 2392 2391 2390 2419 2450 2479 BL  2481 BL  BL  2534 2534 BL  BL  BL  2621 2634 BL  BL  2685 BL  
BL  0   2704 2699 2695 2696 2654 2652 2645 BL  2597 2593 BL  BL  2519 BL  2513 2514 BL  2472 2468 BL  2464 BL  2441 2438 2436 2430 2427 BL  2423 2421 2421 2449 BL  2506 2508 BL  2559 2559 2557 2557 2579 BL  2616 2630 2648 BL  2674 2686 
0   0   0   0   0   2711 2708 2701 2699 2649 2646 2645 2617 2567 2566 2559 2558 2558 2516 2510 2509 BL  2505 2481 BL  2472 2467 2462 2462 2455 2453 BL  2451 2451 2477 2504 2530 2534 2557 2579 2579 2577 2578 2598 2613 2631 2643 2658 2671 BL  
0   0   0   BL  0   0   0   0   BL  2698 BL  2667 2616 BL  2607 BL  BL  2559 2553 2550 2551 2545 2521 BL  2509 2504 2498 BL  2487 2485 BL  2480 2480 BL  2477 2503 2528 2551 2557 BL  2599 BL  BL  2595 BL  2626 2642 BL  BL  2681 
BL  BL  0   0   BL  0   0   0   0   0   BL  2664 2663 BL  BL  2650 2604 2597 BL  2592 2586 2561 2558 BL  2540 2533 2532 2521 2517 2515 2511 2509 BL  2505 2503 BL  2528 BL  2571 BL  2619 2618 2612 2611 2610 BL  2638 2649 BL  2669 
0   BL  0   0   0   BL  BL  0   0   0   2713 2710 BL  2710 2693 2648 BL  2639 2634 2627 2599 2596 2596 2576 2567 2567 BL  BL  2546 BL  BL  BL  2532 2530 2527 2527 2549 2549 BL  BL  2627 2630 2629 2625 2625 2625 2637 2650 2659 2669 
0   0   0   BL  0   0   0   BL  0   0   0   0   0   0   2693 BL  BL  2676 2668 2638 2633 BL  2612 2601 BL  BL  BL  2576 2576 2575 2603 BL  2557 2551 2551 2549 2548 BL  BL  2607 2625 2642 2641 2640 2639 BL  BL  2649 2659 2665 
0   0   0   0   0   0   0   0   0   0   BL  0   0   BL  0   0   2716 2707 2677 2671 BL  BL  BL  2634 2634 2640 2608 2606 BL  BL  BL  2583 2577 2575 2572 2570 BL  2569 2588 2607 BL  2637 BL  BL  2653 2652 2661 2659 2657 2665 
0   0   0   0   0   BL  0   0   0   BL  0   0   0   0   0   BL  BL  2715 BL  2709 2706 2704 2669 2666 BL  BL  2636 2634 2635 2635 2608 BL  2598 2595 2592 2591 BL  2588 2588 2606 2620 2634 BL  2660 2663 BL  2662 2667 2665 2665 
BL  0   0   0   0   0   0   0   0   0   0   0   0   0   0   BL  0   BL  0   0   0   2702 2698 2699 2698 2667 2664 2662 2661 2633 BL  2622 2619 2615 2612 2610 BL  BL  2604 2605 2620 2633 2647 2654 BL  2673 2671 2669 BL  BL  
0   0   BL  0   0   BL  0   0   0   0   0   0   0   0   BL  0   0   0   0   0   BL  0   0   0   2696 2693 2690 2684 2658 2657 2647 2642 2637 2633 2630 2630 2628 BL  2620 BL  2619 2633 2642 2652 BL  2670 2675 BL  2674 BL  
0   0   0   0   BL  0   0   BL  0   0   BL  BL  BL  BL  0   0   0   BL  0   0   BL  0   0   0   BL  BL  0   2685 2683 2670 2665 2660 2655 2649 BL  2645 2646 2636 BL  2633 BL  2631 2642 2653 2660 2667 2672 2678 BL  2679 
0   BL  BL  BL  BL  BL  0   0   0   BL  BL  0   0   0   BL  0   0   0   0   0   BL  0   BL  0   0   BL  0   BL  2694 2687 2681 2677 2669 BL  2664 2663 2652 2650 2646 2646 BL  2643 BL  2651 2659 2665 2671 2675 2680 2681 
BL  0   0   0   0   BL  0   0   0   0   0   0   BL  0   0   0   0   0   0   0   BL  0   BL  0   0   0   BL  0   BL  0   2699 2688 2688 2682 2679 2669 2664 2661 2660 2657 BL  2653 2652 2660 BL  BL  2671 BL  2679 2680 

Path: 
[49, 49] -> [49, 48] -> [48, 47] -> [48, 46] -> [48, 45] -> [48, 44] -> [48, 43] -> [47, 42] -> [47, 41] -> [46, 40] -> [45, 39] -> [44, 38] -> [43, 37] -> [42, 36] -> [41, 35] -> [40, 34] -> [39, 34] -> [38, 33] -> [37, 32] -> [36, 31] -> [35, 30] -> [34, 29] -> [33, 28] -> [32, 27] -> [31, 28] -> [30, 27] -> [29, 26] -> [28, 25] -> [27, 24] -> [26, 23] -> [25, 22] -> [24, 22] -> [23, 21] -> [22, 21] -> [21, 20] -> [20, 19] -> [19, 18] -> [18, 17] -> [17, 16] -> [16, 15] -> [15, 15] -> [14, 14] -> [13, 14] -> [12, 13] -> [11, 12] -> [10, 11] -> [9, 10] -> [9, 9] -> [8, 8] -> [7, 7] -> [6, 6] -> [5, 5] -> [4, 4] -> [3, 3] -> [2, 2] -> [1, 1] -> [0, 0]

===================================================================================================================================================
Check the file: It should reflect with path calculated

#^.^~****^*~~.~^~..~~~^~.^~.*~**.^^*^*^~..*^^..~^.
*#*~*.~^^^~~.*~*.**.~~^*^**.^~*^^.*^...^..^.**.~^*
^^#**~.*^*^..^**.~~~.~*.~^^~^~^.^~^*~**.~*^.^**.*.
*~~#~^.~*~^~^^*^**.~.*^^*~~^^*~.^.*^^*^.^.~~^^^*~.
*.^~#^.~^.^.^^*~^~~*^..^~^~~^.*^^..**.**~.~~^~*~**
^.^^~#.*~**.*~*^*~^*~~^.^.~.~^**~.^^^^*.~.~~~^^.^.
*~~.*.#~~~^*.^*~~~*^.^**^*^.^.^~~***^^*^.~^^.^^.~.
.~.*~~^#.**.~^^~**^.^.^~~~^.~.^~~^^.~^^.^^~.~.~.*^
.^^^~~*~#^.~.*~.~~..~*~^.~**~..^****~.*~^~~*~**^~^
^^^*^^**.##*.^^*^^^.*~*~^^~*~~.~****~~~~***.^^~~^~
..*^^^^^.^~#^~.^.^^~*~^*~**^*^.~~~*^.^^~**~*~.....
**.^~~~^~*~*#**.**^~.^.*^^^~.^...~.**^^^^~^.~^~.~*
^*~.*.~*^.~.^#^^^*~.**~^.*^*.~~..^~~~*~*^.~~^*^*^^
~*^.^..**~**^*#~***^~~*^*.*~..~^^***^.*~.^*^^^^.~.
*~^~^**^^*^^~^#~^^*~~~*^*~~~~*~^^^*~..~~~~~.*~^~*.
^.*.^*^**^^^~**#*.~^~~~^..~~~*~~^*~..^^.^~*.^~^~**
.***^..*^~~~~^~#*^~~.*.~^.^^*.***^~^.*....~.^.*~^^
^^~~~~.**.*.^^*.#~~^....*~*^~*^^.^~~~^*.~^^^~**^~~
^~~*^*.~.*^^^*^.*#.~*...~**^.^^~.^^.^..^.^**.^^..*
~^***~^.~.~^^^*~~~#*..^~^^.~^.~.**...~^~**~^~~**^~
~~~^~.^*.^*.~*.*~~^#.~*^^~~**.*.*.~^^^..^.~^.*.^~~
^^~...^.*~.^^**~^~*.#^~^~*....^.^^**~.*.^^*..~*~.*
^..^...~.~.*.~***~*~~#..~*~^^~~^~**^~~^*^^~*.~*^*^
*^.**^~*****.~~~..~^~#*.^*~^.^^*^..*~^.^.^*.^.~^^*
~...~*^....*^.*^^*...^#~~..^.*~.*~.*^.^*^*^.****^~
^..~***^.*^~~.****.~*^#~.^~*.~^*^~^.****~..~*..*^~
.~^~**~^^..~~~^..*~*.^*#~..^^*.~.*..*~~*~.^~.~*~~.
.***~..~**^.~.~.~*.~~**.#^.^~..~*~~~~*.**~~^..^.^^
~.*.~^*^*~^.~*..*~^~~.*.*#.*.*..^~.*~^^*.~^.^~^**^
.*^~^^*.^*.~*...*~~~*.**.~#..*.*^.^*.^*~*.^~^**^*.
.~..*....~..~.***~..~^..~~^#^*^~^^~~**^.*~**^**^^*
^.*.~.^.**^*^.~^^*.~..*^~*^*#*.~**..^.~~*..^*^~*.~
^~~^~~*.~^^~~^**.^.^^^*^.*^#~~.^.*~^*^^..**..**..^
^.^*.*^..*.~~.^^***^.*~..~.*#^*.~^...^^~*.~^~^..~~
~^^.^..*^^.**.~~^*~*^~*~^~~.~#.^~.~*^~*.*..^.^^*^*
^^.~*^~~*.~~*~.^..~*.^.~**.^*^#^~.**.~*.~...~~..*.
.~..^.~.~.^*.~^*~.~.*^*~~*.^.**#***~*~~*^~~~^.~~*~
~.*..^^*^~*.~~.~.^~..~.~^^^.*~*.#*~^*~*^*^^~..^~^^
*.^*^**^*.^^*....**..~^^~.^*^.*~*#**^^..*.^^*^^^.~
^*^~^^*.~*~^*~^~~.*.^*^~*^^~.*~.*~#**.*~^~~.~*^~~*
~~**~*.^.*~..~~^^^~^^^.~***^*.^*~^#~^~*~**...~..~.
*~**^~~.^.*.~^**~*^^.*^*.^~~*~~~*^.#..~~^*^.*^.^.*
.*^~..*~.*^^^^^~~^^*.~*.~~~.***~^.*.#~~******~~^*.
.^^..^.^*^~^.~*...**~~~.**^*~~~*^***~#*^~^~~^^^*.*
**.**~.**~.*.*^~~.~^.*^.~~*.^*.~.***~*#^..~*.~*^*^
~..^.****^.****~^~***..^^^^*^.~*^^*.~~.#**^*~^*.~~
^*~^.~*...^^.^~.^^..~^...**...^****^*~*~#^..~^*~.~
...^~^.~^^~~~~.*^~.^~***~~^^^.*^^.~.^*~*~##^***^~^
.~~~~~^^.~~*^.~^^^**~^~.^~^~*..^*~^^*..*~^~#####^.
~^**.~**..*^~^^^.^*^~^~*^.~*~.^.**.^.^^.~**^~~^~##
